$MARK 1  7SETs 1SET
   2  2   6   5   0   0
  0.57564402E+00  0.29341474E+00  0.12731624E+00  0.30919870E-02  0.52687794E-03  0.61392161E-05
  0.20000000E+08  0.13534000E+07  0.49787000E+06  0.40868000E+05  0.11325000E+05  0.57715002E+03
  0.52026915E+07  0.82086369E+06  0.14264273E+06  0.21513486E+05  0.25566040E+04  0.75970389E-01
  0.47652382E-09  0.83199503E-09  0.18642248E-08  0.47711772E-08  0.13708765E-07  0.70658359E-07
  0.00000000E+00  0.00000000E+00  0.00000000E+00  0.00000000E+00  0.00000000E+00  0.00000000E+00  0.00000000E+00  0.00000000E+00  0.00000000E+00  0.00000000E+00
  0.00000000E+00  0.00000000E+00  0.00000000E+00  0.00000000E+00  0.00000000E+00  0.00000000E+00  0.00000000E+00  0.00000000E+00  0.00000000E+00  0.00000000E+00
  2511102302   0   3   6SODIUM-23
  0.22974337E+02  0.00000000E+00  0.00000000E+00  0.00000000E+00  0.00000000E+00  0.00000000E+00
  0.00000000E+00  0.00000000E+00  0.00000000E+00  0.00000000E+00  0.00000000E+00  0.00000000E+00
  0.00000000E+00  0.00000000E+00  0.00000000E+00  0.00000000E+00  0.00000000E+00  0.00000000E+00
  0.00000000E+00  0.00000000E+00  0.00000000E+00  0.00000000E+00  0.00000000E+00  0.00000000E+00
  0.00000000E+00  0.00000000E+00  0.00000000E+00  0.00000000E+00  0.00000000E+00  0.00000000E+00
  0.00000000E+00  0.00000000E+00  0.00000000E+00  0.00000000E+00  0.00000000E+00  0.00000000E+00
  0.00000000E+00  0.00000000E+00  0.00000000E+00  0.00000000E+00  0.00000000E+00  0.00000000E+00
  0.00000000E+00  0.00000000E+00  0.00000000E+00  0.00000000E+00  0.00000000E+00  0.00000000E+00
  0.00000000E+00  0.00000000E+00  0.00000000E+00  0.00000000E+00  0.00000000E+00  0.00000000E+00
  0.00000000E+00  0.00000000E+00  0.00000000E+00  0.00000000E+00  0.00000000E+00  0.00000000E+00
  0.15056647E-02  0.67588903E-05  0.17331473E+01  0.20000000E+01  0.67588903E-05  0.00000000E+00  0.19320070E-03  0.86586201E-03  0.43984666E-03  0.67588903E-05  0.00000000E+00  0.00000000E+00  0.00000000E+00  0.00000000E+00  0.00000000E+00
  0.28678903E-03  0.00000000E+00  0.29464412E+01  0.00000000E+00  0.00000000E+00  0.00000000E+00  0.28678903E-03  0.00000000E+00  0.00000000E+00  0.00000000E+00  0.00000000E+00  0.00000000E+00  0.00000000E+00  0.00000000E+00  0.00000000E+00
  0.54112484E-03  0.00000000E+00  0.34649482E+01  0.00000000E+00  0.00000000E+00  0.00000000E+00  0.54112484E-03  0.00000000E+00  0.00000000E+00  0.00000000E+00  0.00000000E+00  0.00000000E+00  0.00000000E+00  0.00000000E+00  0.00000000E+00
  0.85554784E-03  0.00000000E+00  0.41067686E+01  0.00000000E+00  0.00000000E+00  0.00000000E+00  0.85554784E-03  0.00000000E+00  0.00000000E+00  0.00000000E+00  0.00000000E+00  0.00000000E+00  0.00000000E+00  0.00000000E+00  0.00000000E+00
  0.74803960E-02  0.00000000E+00  0.60652413E+01  0.00000000E+00  0.00000000E+00  0.00000000E+00  0.74803960E-02  0.00000000E+00  0.00000000E+00  0.00000000E+00  0.00000000E+00  0.00000000E+00  0.00000000E+00  0.00000000E+00  0.00000000E+00
  0.93697878E-02  0.00000000E+00  0.30961969E+01  0.00000000E+00  0.00000000E+00  0.00000000E+00  0.93697878E-02  0.00000000E+00  0.00000000E+00  0.00000000E+00  0.00000000E+00  0.00000000E+00  0.00000000E+00  0.00000000E+00  0.00000000E+00
  0.20543602E+01  0.55545408E+00  0.17748818E-01  0.42165484E-03  0.48293547E-04  0.45558829E-06
  0.00000000E+00  0.34123311E+01  0.61543798E+00  0.46147560E-03  0.00000000E+00  0.00000000E+00
  0.00000000E+00  0.00000000E+00  0.36163757E+01  0.13132274E+00  0.12713220E-04  0.58534763E-07
  0.00000000E+00  0.00000000E+00  0.00000000E+00  0.40236712E+01  0.22432318E+00  0.00000000E+00
  0.00000000E+00  0.00000000E+00  0.00000000E+00  0.00000000E+00  0.78384337E+01  0.10440380E+00
  0.00000000E+00  0.00000000E+00  0.00000000E+00  0.00000000E+00  0.00000000E+00  0.31807740E+01
  4311402802   0   3   6SILICON-28
  0.27958897E+02  0.00000000E+00  0.00000000E+00  0.00000000E+00  0.00000000E+00  0.00000000E+00
  0.00000000E+00  0.00000000E+00  0.00000000E+00  0.00000000E+00  0.00000000E+00  0.00000000E+00
  0.00000000E+00  0.00000000E+00  0.00000000E+00  0.00000000E+00  0.00000000E+00  0.00000000E+00
  0.00000000E+00  0.00000000E+00  0.00000000E+00  0.00000000E+00  0.00000000E+00  0.00000000E+00
  0.00000000E+00  0.00000000E+00  0.00000000E+00  0.00000000E+00  0.00000000E+00  0.00000000E+00
  0.00000000E+00  0.00000000E+00  0.00000000E+00  0.00000000E+00  0.00000000E+00  0.00000000E+00
  0.00000000E+00  0.00000000E+00  0.00000000E+00  0.00000000E+00  0.00000000E+00  0.00000000E+00
  0.00000000E+00  0.00000000E+00  0.00000000E+00  0.00000000E+00  0.00000000E+00  0.00000000E+00
  0.00000000E+00  0.00000000E+00  0.00000000E+00  0.00000000E+00  0.00000000E+00  0.00000000E+00
  0.00000000E+00  0.00000000E+00  0.00000000E+00  0.00000000E+00  0.00000000E+00  0.00000000E+00
  0.64285598E-02  0.11843016E-07  0.19888892E+01  0.20000000E+01  0.11843016E-07  0.00000000E+00  0.37316949E-03  0.41382029E-02  0.19116129E-02  0.11843016E-07  0.00000000E+00  0.55883638E-05  0.00000000E+00  0.00000000E+00  0.00000000E+00
  0.95415796E-03  0.00000000E+00  0.28153384E+01  0.00000000E+00  0.00000000E+00  0.00000000E+00  0.95415796E-03  0.00000000E+00  0.00000000E+00  0.00000000E+00  0.00000000E+00  0.00000000E+00  0.00000000E+00  0.00000000E+00  0.00000000E+00
  0.25387742E-02  0.00000000E+00  0.32930851E+01  0.00000000E+00  0.00000000E+00  0.00000000E+00  0.25387742E-02  0.00000000E+00  0.00000000E+00  0.00000000E+00  0.00000000E+00  0.00000000E+00  0.00000000E+00  0.00000000E+00  0.00000000E+00
  0.34396310E-03  0.00000000E+00  0.16098174E+01  0.00000000E+00  0.00000000E+00  0.00000000E+00  0.34396310E-03  0.00000000E+00  0.00000000E+00  0.00000000E+00  0.00000000E+00  0.00000000E+00  0.00000000E+00  0.00000000E+00  0.00000000E+00
  0.61531644E-03  0.00000000E+00  0.18703632E+01  0.00000000E+00  0.00000000E+00  0.00000000E+00  0.61531644E-03  0.00000000E+00  0.00000000E+00  0.00000000E+00  0.00000000E+00  0.00000000E+00  0.00000000E+00  0.00000000E+00  0.00000000E+00
  0.26792067E-02  0.00000000E+00  0.19093685E+01  0.00000000E+00  0.00000000E+00  0.00000000E+00  0.26792067E-02  0.00000000E+00  0.00000000E+00  0.00000000E+00  0.00000000E+00  0.00000000E+00  0.00000000E+00  0.00000000E+00  0.00000000E+00
  0.25676103E+01  0.37914008E+00  0.56230228E-01  0.59422534E-02  0.24064505E-02  0.27175500E-04
  0.00000000E+00  0.31063955E+01  0.60395825E+00  0.00000000E+00  0.00000000E+00  0.00000000E+00
  0.00000000E+00  0.00000000E+00  0.34353006E+01  0.32347206E-01  0.00000000E+00  0.00000000E+00
  0.00000000E+00  0.00000000E+00  0.00000000E+00  0.16078081E+01  0.70871152E-01  0.00000000E+00
  0.00000000E+00  0.00000000E+00  0.00000000E+00  0.00000000E+00  0.18694808E+01  0.50613202E-01
  0.00000000E+00  0.00000000E+00  0.00000000E+00  0.00000000E+00  0.00000000E+00  0.19539495E+01
$MARK 1    7SETs  SET2
   2  2   6   5   0   0
  0.57564402E+00  0.29341474E+00  0.12731624E+00  0.30919870E-02  0.52687794E-03  0.61392161E-05
  0.20000000E+08  0.13534000E+07  0.49787000E+06  0.40868000E+05  0.11325000E+05  0.57715002E+03
  0.52026915E+07  0.82086369E+06  0.14264273E+06  0.21513486E+05  0.25566040E+04  0.75970389E-01
  0.47652382E-09  0.83199503E-09  0.18642248E-08  0.47711772E-08  0.13708765E-07  0.70658359E-07
  0.00000000E+00  0.00000000E+00  0.00000000E+00  0.00000000E+00  0.00000000E+00  0.00000000E+00  0.00000000E+00  0.00000000E+00  0.00000000E+00  0.00000000E+00
  0.00000000E+00  0.00000000E+00  0.00000000E+00  0.00000000E+00  0.00000000E+00  0.00000000E+00  0.00000000E+00  0.00000000E+00  0.00000000E+00  0.00000000E+00
  2521102303   0   3   6SODIUM-23
  0.22974337E+02  0.00000000E+00  0.00000000E+00  0.00000000E+00  0.00000000E+00  0.00000000E+00
  0.00000000E+00  0.00000000E+00  0.00000000E+00  0.00000000E+00  0.00000000E+00  0.00000000E+00
  0.00000000E+00  0.00000000E+00  0.00000000E+00  0.00000000E+00  0.00000000E+00  0.00000000E+00
  0.00000000E+00  0.00000000E+00  0.00000000E+00  0.00000000E+00  0.00000000E+00  0.00000000E+00
  0.00000000E+00  0.00000000E+00  0.00000000E+00  0.00000000E+00  0.00000000E+00  0.00000000E+00
  0.00000000E+00  0.00000000E+00  0.00000000E+00  0.00000000E+00  0.00000000E+00  0.00000000E+00
  0.00000000E+00  0.00000000E+00  0.00000000E+00  0.00000000E+00  0.00000000E+00  0.00000000E+00
  0.00000000E+00  0.00000000E+00  0.00000000E+00  0.00000000E+00  0.00000000E+00  0.00000000E+00
  0.00000000E+00  0.00000000E+00  0.00000000E+00  0.00000000E+00  0.00000000E+00  0.00000000E+00
  0.00000000E+00  0.00000000E+00  0.00000000E+00  0.00000000E+00  0.00000000E+00  0.00000000E+00
  0.14733410E-02  0.61015762E-05  0.17385869E+01  0.20000000E+01  0.61015762E-05  0.00000000E+00  0.19306599E-03  0.85097906E-03  0.42319784E-03  0.61015762E-05  0.00000000E+00  0.00000000E+00  0.00000000E+00  0.00000000E+00  0.00000000E+00
  0.28808750E-03  0.00000000E+00  0.30095806E+01  0.00000000E+00  0.00000000E+00  0.00000000E+00  0.28808750E-03  0.00000000E+00  0.00000000E+00  0.00000000E+00  0.00000000E+00  0.00000000E+00  0.00000000E+00  0.00000000E+00  0.00000000E+00
  0.65559393E-03  0.00000000E+00  0.34815955E+01  0.00000000E+00  0.00000000E+00  0.00000000E+00  0.65559393E-03  0.00000000E+00  0.00000000E+00  0.00000000E+00  0.00000000E+00  0.00000000E+00  0.00000000E+00  0.00000000E+00  0.00000000E+00
  0.96637139E-03  0.00000000E+00  0.40957909E+01  0.00000000E+00  0.00000000E+00  0.00000000E+00  0.96637139E-03  0.00000000E+00  0.00000000E+00  0.00000000E+00  0.00000000E+00  0.00000000E+00  0.00000000E+00  0.00000000E+00  0.00000000E+00
  0.89506479E-02  0.00000000E+00  0.71178088E+01  0.00000000E+00  0.00000000E+00  0.00000000E+00  0.89506479E-02  0.00000000E+00  0.00000000E+00  0.00000000E+00  0.00000000E+00  0.00000000E+00  0.00000000E+00  0.00000000E+00  0.00000000E+00
  0.92668748E-02  0.00000000E+00  0.30967922E+01  0.00000000E+00  0.00000000E+00  0.00000000E+00  0.92668748E-02  0.00000000E+00  0.00000000E+00  0.00000000E+00  0.00000000E+00  0.00000000E+00  0.00000000E+00  0.00000000E+00  0.00000000E+00
  0.20813816E+01  0.55267799E+00  0.18095531E-01  0.43483640E-03  0.49841427E-04  0.47000668E-06
  0.00000000E+00  0.35332646E+01  0.60299069E+00  0.42586171E-03  0.00000000E+00  0.00000000E+00
  0.00000000E+00  0.00000000E+00  0.37020748E+01  0.13454601E+00  0.12603355E-04  0.58028906E-07
  0.00000000E+00  0.00000000E+00  0.00000000E+00  0.39993341E+01  0.25540560E+00  0.00000000E+00
  0.00000000E+00  0.00000000E+00  0.00000000E+00  0.00000000E+00  0.99586563E+01  0.10086319E+00
  0.00000000E+00  0.00000000E+00  0.00000000E+00  0.00000000E+00  0.00000000E+00  0.31805456E+01
  4321402803   0   3   6SILICON-28
  0.27958897E+02  0.00000000E+00  0.00000000E+00  0.00000000E+00  0.00000000E+00  0.00000000E+00
  0.00000000E+00  0.00000000E+00  0.00000000E+00  0.00000000E+00  0.00000000E+00  0.00000000E+00
  0.00000000E+00  0.00000000E+00  0.00000000E+00  0.00000000E+00  0.00000000E+00  0.00000000E+00
  0.00000000E+00  0.00000000E+00  0.00000000E+00  0.00000000E+00  0.00000000E+00  0.00000000E+00
  0.00000000E+00  0.00000000E+00  0.00000000E+00  0.00000000E+00  0.00000000E+00  0.00000000E+00
  0.00000000E+00  0.00000000E+00  0.00000000E+00  0.00000000E+00  0.00000000E+00  0.00000000E+00
  0.00000000E+00  0.00000000E+00  0.00000000E+00  0.00000000E+00  0.00000000E+00  0.00000000E+00
  0.00000000E+00  0.00000000E+00  0.00000000E+00  0.00000000E+00  0.00000000E+00  0.00000000E+00
  0.00000000E+00  0.00000000E+00  0.00000000E+00  0.00000000E+00  0.00000000E+00  0.00000000E+00
  0.00000000E+00  0.00000000E+00  0.00000000E+00  0.00000000E+00  0.00000000E+00  0.00000000E+00
  0.63150539E-02  0.10580780E-07  0.19670323E+01  0.20000000E+01  0.10580780E-07  0.00000000E+00  0.37181360E-03  0.40676682E-02  0.18704097E-02  0.10580780E-07  0.00000000E+00  0.51756338E-05  0.00000000E+00  0.00000000E+00  0.00000000E+00
  0.95542549E-03  0.00000000E+00  0.27978826E+01  0.00000000E+00  0.00000000E+00  0.00000000E+00  0.95542549E-03  0.00000000E+00  0.00000000E+00  0.00000000E+00  0.00000000E+00  0.00000000E+00  0.00000000E+00  0.00000000E+00  0.00000000E+00
  0.25986279E-02  0.00000000E+00  0.33106058E+01  0.00000000E+00  0.00000000E+00  0.00000000E+00  0.25986279E-02  0.00000000E+00  0.00000000E+00  0.00000000E+00  0.00000000E+00  0.00000000E+00  0.00000000E+00  0.00000000E+00  0.00000000E+00
  0.33344390E-03  0.00000000E+00  0.16086490E+01  0.00000000E+00  0.00000000E+00  0.00000000E+00  0.33344390E-03  0.00000000E+00  0.00000000E+00  0.00000000E+00  0.00000000E+00  0.00000000E+00  0.00000000E+00  0.00000000E+00  0.00000000E+00
  0.60162763E-03  0.00000000E+00  0.18698370E+01  0.00000000E+00  0.00000000E+00  0.00000000E+00  0.60162763E-03  0.00000000E+00  0.00000000E+00  0.00000000E+00  0.00000000E+00  0.00000000E+00  0.00000000E+00  0.00000000E+00  0.00000000E+00
  0.26459452E-02  0.00000000E+00  0.19092401E+01  0.00000000E+00  0.00000000E+00  0.00000000E+00  0.26459452E-02  0.00000000E+00  0.00000000E+00  0.00000000E+00  0.00000000E+00  0.00000000E+00  0.00000000E+00  0.00000000E+00  0.00000000E+00
  0.25584943E+01  0.37873507E+00  0.57269927E-01  0.56820894E-02  0.23010096E-02  0.25984413E-04
  0.00000000E+00  0.31316853E+01  0.56977940E+00  0.00000000E+00  0.00000000E+00  0.00000000E+00
  0.00000000E+00  0.00000000E+00  0.34247591E+01  0.32953281E-01  0.00000000E+00  0.00000000E+00
  0.00000000E+00  0.00000000E+00  0.00000000E+00  0.16007501E+01  0.81204861E-01  0.00000000E+00
  0.00000000E+00  0.00000000E+00  0.00000000E+00  0.00000000E+00  0.18705868E+01  0.48909005E-01
  0.00000000E+00  0.00000000E+00  0.00000000E+00  0.00000000E+00  0.00000000E+00  0.19539483E+01
